4572
13613
17446
18811
20831
24687
35767
40952
44285
44442
51300
54705
69593
76344
84186
85055
85056
85062
85063
97832
110456
115993
115995
115998
115999
116000
116001
116002
116006
116008
116013
116018
116021
116023
116024
116026
116029
131127
150697
150698
150699
150700
156673
162986
163104
166129
173052
182063
186185
186186
186187
186188
186189
186190
186193
186194
186195
186196
189682
191905
195182
195183
195184
195185
195186
195188
196124
207943
216414
218008
218424
223411
228597
234232
238841
238842
238844
238845
238846
238847
238848
238850
238853
238855
238861
289556
291704
291706
291707
291710
291711
291713
291717
291721
291723
291724
291725
291726
291727
291730
291733
291734
291738
291743
291745
291747
291752
291753
291755
291756
291757
291758
291759
291760
291761
291762
291764
291765
291766
291767
291774
291776
297446
316829
317738
366475
366478
366480
366482
366483
366484
366485
366486
366487
366488
366489
366490
366491
366493
366494
366496
366498
366499
366500
366501
366502
366503
366505
366506
366507
372990
373914
391076
394193
394196
394199
394206
394210
394374
